200,6388,1,0,0
200,6400,2,0,0
200,6399,3,0,0
200,6401,4,0,0
200,6384,5,0,0
200,6572,6,0,0
200,6590,7,0,0
200,6588,8,0,0
200,6591,9,0,0
200,6586,10,0,0
200,6585,11,0,0
200,6612,12,0,0
200,6610,13,0,0
200,6475,14,0,0
200,6522,15,0,0
200,6520,16,0,0
200,6521,17,0,0
200,6525,18,0,0
200,6526,19,0,0
200,6551,20,0,0
200,6553,21,0,0
200,6552,22,0,0
200,6414,23,0,0
200,9362,24,0,0
200,6416,25,0,0
200,6417,26,0,0
200,6418,27,0,0
200,6419,28,0,0
200,9363,29,0,0
200,6421,30,0,0
200,6422,31,0,0
200,6423,32,0,0
200,6439,33,0,0
200,6438,34,0,0
200,6437,35,0,0
200,6436,36,0,0
200,6442,37,0,0
200,6443,38,0,0
200,6500,39,0,0
200,6504,40,0,0
200,6502,41,0,0
200,6462,42,0,0
200,6464,43,0,0
200,6471,44,0,0
200,6536,45,0,0
200,6539,46,0,0
200,9365,47,0,0
200,6538,48,0,0
200,6541,49,0,0
200,6535,50,0,0
200,9366,51,0,0
200,6534,52,0,0
200,6487,53,0,0
200,6488,54,0,0
200,6486,55,0,0
200,6458,56,0,0
200,6455,57,0,0
200,6647,58,0,0
200,6624,59,0,0
200,6621,60,0,0
200,6595,61,0,0
200,6599,62,0,0
200,6576,63,0,0
200,6560,64,0,0
200,6557,65,0,0
200,6556,66,0,0
200,6559,67,0,0
200,6558,68,0,0
200,6654,69,0,0
200,6659,70,0,0
200,6662,71,0,0
200,6669,72,0,0
200,6555,73,0,0
200,6554,74,0,0
200,6390,75,0,0
200,6391,76,0,0
200,6653,77,0,0
200,6395,78,0,0
200,6396,79,0,0
200,6389,80,0,0
200,6645,81,0,0
200,6637,82,0,0
200,6639,83,0,0
200,6640,84,0,0
200,6603,85,0,0
200,6615,86,0,0
200,6564,87,0,0
200,6566,88,0,0
200,6582,89,0,0
200,6580,90,0,0
200,6529,91,0,0
200,6450,92,0,0
200,6446,93,0,0
200,6408,94,0,0
200,6426,95,0,0
200,6652,96,0,0
200,6644,97,1,1
300,6779,1,0,0
300,6780,2,0,0
300,6781,3,0,0
300,6782,4,0,0
300,6783,5,0,0
300,6784,6,0,0
300,6785,7,0,0
300,6786,8,0,0
300,6789,9,0,0
300,9234,10,0,0
300,9235,11,0,0
300,9236,12,0,0
300,9237,13,0,0
300,9239,14,0,0
300,6799,15,0,0
300,6800,16,0,0
300,6801,17,0,0
300,6802,18,0,0
300,6803,19,0,0
300,6804,20,0,0
300,6805,21,0,0
300,6806,22,0,0
300,6807,23,0,0
300,6808,24,0,0
300,6809,25,0,0
300,6810,26,0,0
300,6811,27,0,0
300,6812,28,0,0
300,6813,29,0,0
300,6815,30,0,0
300,6816,31,0,0
300,6822,32,0,0
300,6823,33,0,0
300,6824,34,0,0
300,6825,35,0,0
300,6826,36,0,0
300,6827,37,0,0
300,6828,38,0,0
300,6829,39,0,0
300,6817,40,0,0
300,6836,41,0,0
300,6838,42,0,0
300,6839,43,0,0
300,6840,44,0,0
300,6841,45,0,0
300,6842,46,0,0
300,6843,47,0,0
300,6844,48,0,0
300,6846,49,0,0
300,6847,50,0,0
300,6849,51,0,0
300,6850,52,0,0
300,6851,53,0,0
300,6852,54,0,0
300,6853,55,0,0
300,6854,56,0,0
300,6855,57,0,0
300,6856,58,0,0
300,6858,59,0,0
300,6859,60,0,0
300,6863,61,0,0
300,6864,62,0,0
300,6865,63,0,0
300,6866,64,0,0
300,6867,65,0,0
300,6868,66,0,0
300,6869,67,1,1
400,9401,1,0,0
400,7197,2,0,0
400,7198,3,0,0
400,7199,4,0,0
400,9196,5,0,0
400,9197,6,0,0
400,9402,7,0,0
400,9199,8,0,0
400,9200,9,0,0
400,9201,10,0,0
400,9202,11,0,0
400,9203,12,0,0
400,9204,13,0,0
400,9205,14,0,0
400,9206,15,0,0
400,9207,16,0,0
400,9208,17,0,0
400,9406,18,0,0
400,9210,19,0,0
400,9407,20,0,0
400,9408,21,0,0
400,9409,22,0,0
400,9410,23,0,0
400,9411,24,0,0
400,9412,25,0,0
400,9413,26,0,0
400,9414,27,0,0
400,9415,28,0,0
400,9221,29,0,0
400,9222,30,0,0
400,9403,31,0,0
400,9223,32,0,0
400,9224,33,0,0
400,9330,34,0,0
400,9331,35,0,0
400,9332,36,0,0
400,9333,37,0,0
400,9334,38,0,0
400,9335,39,0,0
400,9416,40,0,0
400,9417,41,0,0
400,9418,42,0,0
400,9419,43,0,0
400,9420,44,0,0
400,9421,45,0,0
400,9404,46,0,0
400,7282,47,0,0
400,7283,48,0,0
400,7284,49,0,0
400,7286,50,0,0
400,9405,51,0,0
400,7288,52,0,0
400,7290,53,0,0
400,7291,54,0,0
400,7294,55,0,0
400,7298,56,0,0
400,7300,57,0,0
400,7301,58,0,0
400,7305,59,0,0
400,7307,60,0,0
400,7310,61,0,0
400,7311,62,0,0
400,7312,63,1,1
700000100,6874,1,0,0
700000100,6875,2,0,0
700000100,6876,3,0,0
700000100,6877,4,0,0
700000100,6878,5,0,0
700000100,6870,6,0,0
700000100,6871,7,0,0
700000100,6872,8,0,0
700000100,6873,9,0,0
700000100,6879,10,0,0
700000100,6881,11,0,0
700000100,6882,12,0,0
700000100,6883,13,0,0
700000100,6884,14,0,0
700000100,6885,15,0,0
700000100,6886,16,0,0
700000100,6887,17,0,0
700000100,6888,18,0,0
700000100,6889,19,0,0
700000100,6890,20,0,0
700000100,6891,21,0,0
700000100,6892,22,0,0
700000100,6893,23,0,0
700000100,6894,24,0,0
700000100,6895,25,0,0
700000100,6897,26,0,0
700000100,6898,27,0,0
700000100,6899,28,0,0
700000100,6901,29,0,0
700000100,6902,30,0,0
700000100,6903,31,0,0
700000100,6904,32,0,0
700000100,6905,33,0,0
700000100,9390,34,0,0
700000100,6906,35,0,0
700000100,6907,36,0,0
700000100,6908,37,0,0
700000100,9384,38,0,0
700000100,6910,39,0,0
700000100,6909,40,0,0
700000100,9385,41,0,0
700000100,6911,42,0,0
700000100,6912,43,0,0
700000100,6913,44,0,0
700000100,6914,45,0,0
700000100,6915,46,0,0
700000100,6916,47,0,0
700000100,6917,48,0,0
700000100,6919,49,0,0
700000100,6920,50,0,0
700000100,6921,51,0,0
700000100,6922,52,0,0
700000100,6923,53,0,0
700000100,6924,54,0,0
700000100,6925,55,0,0
700000100,6926,56,0,0
700000100,6927,57,0,0
700000100,6928,58,0,0
700000100,6929,59,0,0
700000100,6930,60,0,0
700000100,6931,61,0,0
700000100,6932,62,0,0
700000100,6933,63,0,0
700000100,6934,64,0,0
700000100,6935,65,0,0
700000100,6936,66,0,0
700000100,6937,67,0,0
700000100,6938,68,0,0
700000100,6939,69,0,0
700000100,6940,70,0,0
700000100,6941,71,0,0
700000100,6942,72,0,0
700000100,6943,73,0,0
700000100,6944,74,0,0
700000100,6945,75,0,0
700000100,6946,76,0,0
700000100,6947,77,0,0
700000100,6948,78,0,0
700000100,6949,79,0,0
700000100,6950,80,0,0
700000100,6951,81,0,0
700000100,6952,82,0,0
700000100,6953,83,0,0
700000100,6954,84,0,0
700000100,6955,85,0,0
700000100,6956,86,0,0
700000100,7000,87,0,0
700000100,6998,88,0,0
700000100,6996,89,0,0
700000100,6994,90,0,0
700000100,6992,91,0,0
700000100,6990,92,0,0
700000100,6988,93,0,0
700000100,6986,94,0,0
700000100,6984,95,0,0
700000100,6982,96,0,0
700000100,6980,97,0,0
700000100,6978,98,0,0
700000100,6976,99,0,0
700000100,6974,100,0,0
700000100,6972,101,0,0
700000100,6970,102,0,0
700000100,6968,103,0,0
700000100,6966,104,0,0
700000100,6964,105,0,0
700000100,6962,106,0,0
700000100,6960,107,0,0
700000100,6958,108,0,0
700000100,7002,109,0,0
700000100,7003,110,0,0
700000100,7004,111,0,0
700000100,7005,112,0,0
700000100,7006,113,0,0
700000100,7007,114,0,0
700000100,7008,115,0,0
700000100,7009,116,0,0
700000100,7010,117,0,0
700000100,7011,118,0,0
700000100,7012,119,0,0
700000100,7013,120,0,0
700000100,7014,121,0,0
700000100,7015,122,0,0
700000100,7016,123,0,0
700000100,7017,124,0,0
700000100,7018,125,0,0
700000100,7019,126,0,0
700000100,7020,127,0,0
700000100,7021,128,0,0
700000100,7022,129,0,0
700000100,7023,130,0,0
700000100,7024,131,0,0
700000100,7025,132,0,0
700000100,7027,133,0,0
700000100,7028,134,0,0
700000100,7029,135,0,0
700000100,7030,136,0,0
700000100,7031,137,0,0
700000100,7032,138,0,0
700000100,7033,139,0,0
700000100,7034,140,0,0
700000100,7035,141,0,0
700000100,7036,142,0,0
700000100,7037,143,0,0
700000100,7038,144,0,0
700000100,7039,145,0,0
700000100,7040,146,0,0
700000100,7041,147,0,0
700000100,7042,148,0,0
700000100,7043,149,0,0
700000100,7044,150,0,0
700000100,7045,151,0,0
700000100,7046,152,0,0
700000100,7047,153,0,0
700000100,7048,154,0,0
700000100,7050,155,0,0
700000100,7051,156,0,0
700000100,9749,157,0,0
700000100,9750,158,0,0
700000100,9751,159,0,0
700000100,9752,160,0,0
700000100,9753,161,0,0
700000100,9754,162,0,0
700000100,9755,163,0,0
700000100,7052,164,0,0
700000100,7054,165,0,0
700000100,7055,166,0,0
700000100,7057,167,0,0
700000100,7060,168,0,0
700000100,7061,169,0,0
700000100,7062,170,0,0
700000100,7063,171,0,0
700000100,7064,172,0,0
700000100,7065,173,0,0
700000100,7066,174,0,0
700000100,7067,175,0,0
700000100,7068,176,0,0
700000100,7069,177,0,0
700000100,7071,178,0,0
700000100,7073,179,0,0
700000100,7074,180,0,0
700000100,7075,181,0,0
700000100,7076,182,0,0
700000100,7077,183,0,0
700000100,7078,184,0,0
700000100,7079,185,0,0
700000100,7080,186,0,0
700000100,7081,187,0,0
700000100,7082,188,0,0
700000100,7083,189,0,0
700000100,7085,190,0,0
700000100,7086,191,0,0
700000100,7087,192,0,0
700000100,7088,193,0,0
700000100,7089,194,0,0
700000100,7090,195,0,0
700000100,7091,196,0,0
700000100,7092,197,0,0
700000100,7093,198,0,0
700000100,7094,199,0,0
700000100,7095,200,0,0
700000100,7096,201,0,0
700000100,7097,202,0,0
700000100,7098,203,0,0
700000100,7099,204,0,0
700000100,7100,205,0,0
700000100,7101,206,0,0
700000100,7102,207,0,0
700000100,7103,208,0,0
700000100,7104,209,0,0
700000100,7105,210,0,0
700000100,7106,211,0,0
700000100,7107,212,0,0
700000100,7108,213,0,0
700000100,6957,214,0,0
700000100,6959,215,0,0
700000100,6961,216,0,0
700000100,6963,217,0,0
700000100,6965,218,0,0
700000100,6967,219,0,0
700000100,6969,220,0,0
700000100,6971,221,0,0
700000100,6973,222,0,0
700000100,6975,223,0,0
700000100,6977,224,0,0
700000100,6979,225,0,0
700000100,6981,226,0,0
700000100,6983,227,0,0
700000100,6985,228,0,0
700000100,6987,229,0,0
700000100,6989,230,0,0
700000100,6991,231,0,0
700000100,6993,232,0,0
700000100,6995,233,0,0
700000100,6997,234,0,0
700000100,6999,235,0,0
700000100,7001,236,0,0
700000100,7109,237,0,0
700000100,7110,238,0,0
700000100,7111,239,0,0
700000100,7112,240,0,0
700000100,7113,241,0,0
700000100,7114,242,0,0
700000100,7115,243,0,0
700000100,7116,244,0,0
700000100,7117,245,0,0
700000100,7118,246,0,0
700000100,7119,247,0,0
700000100,7120,248,0,0
700000100,7121,249,0,0
700000100,7122,250,0,0
700000100,7123,251,0,0
700000100,7124,252,0,0
700000100,7125,253,0,0
700000100,7126,254,0,0
700000100,7127,255,0,0
700000100,7128,256,0,0
700000100,7129,257,0,0
700000100,7130,258,0,0
700000100,7131,259,0,0
700000100,7132,260,0,0
700000100,7133,261,0,0
700000100,7134,262,0,0
700000100,7135,263,0,0
700000100,7136,264,0,0
700000100,7137,265,0,0
700000100,7138,266,0,0
700000100,7139,267,0,0
700000100,7140,268,0,0
700000100,7141,269,0,0
700000100,7142,270,0,0
700000100,7143,271,0,0
700000100,7144,272,0,0
700000100,7145,273,0,0
700000100,7146,274,0,0
700000100,7147,275,0,0
700000100,7149,276,0,0
700000100,7150,277,0,0
700000100,7151,278,0,0
700000100,7152,279,0,0
700000100,7153,280,0,0
700000100,9397,281,0,0
700000100,9387,282,0,0
700000100,9388,283,0,0
700000100,9389,284,0,0
700000100,9391,285,0,0
700000100,9398,286,0,0
700000100,9395,287,0,0
700000100,9396,288,0,0
700000100,7162,289,0,0
700000100,7163,290,0,0
700000100,7164,291,0,0
700000100,7165,292,0,0
700000100,7167,293,0,0
700000100,7168,294,0,0
700000100,7169,295,0,0
700000100,7171,296,0,0
700000100,7172,297,0,0
700000100,7173,298,0,0
700000100,7174,299,0,0
700000100,7175,300,0,0
700000100,7176,301,0,0
700000100,7177,302,0,0
700000100,7178,303,0,0
700000100,7179,304,0,0
700000100,7180,305,0,0
700000100,7181,306,0,0
700000100,7182,307,0,0
700000100,7183,308,0,0
700000100,7184,309,0,0
700000100,7185,310,0,0
700000100,7187,311,0,0
700000100,7188,312,0,0
700000100,7189,313,0,0
700000100,7190,314,0,0
700000100,7191,315,0,0
700000100,7192,316,0,0
700000100,7193,317,0,0
700000100,7194,318,1,1
2300000100,11424,1,0,0
2300000100,11425,2,0,0
2300000100,11426,3,0,0
2300000100,11427,4,0,0
2300000100,11428,5,0,0
2300000100,11420,6,0,0
2300000100,11421,7,0,0
2300000100,11422,8,0,0
2300000100,11423,9,0,0
2300000100,11429,10,0,0
2300000100,11430,11,0,0
2300000100,11431,12,0,0
2300000100,11432,13,0,0
2300000100,11433,14,0,0
2300000100,11434,15,0,0
2300000100,11435,16,0,0
2300000100,11436,17,0,0
2300000100,11437,18,0,0
2300000100,11438,19,0,0
2300000100,11439,20,0,0
2300000100,11440,21,0,0
2300000100,11441,22,0,0
2300000100,11442,23,0,0
2300000100,11443,24,0,0
2300000100,11444,25,0,0
2300000100,11445,26,0,0
2300000100,11446,27,0,0
2300000100,11447,28,0,0
2300000100,11448,29,0,0
2300000100,11449,30,0,0
2300000100,11450,31,0,0
2300000100,11451,32,0,0
2300000100,11452,33,0,0
2300000100,11453,34,0,0
2300000100,11454,35,0,0
2300000100,11723,36,0,0
2300000100,11744,37,0,0
2300000100,11725,38,0,0
2300000100,11727,39,0,0
2300000100,11728,40,0,0
2300000100,11729,41,0,0
2300000100,11731,42,0,0
2300000100,11730,43,0,0
2300000100,11732,44,0,0
2300000100,11455,45,0,0
2300000100,11737,46,0,0
2300000100,11739,47,0,0
2300000100,11736,48,0,0
2300000100,11740,49,0,0
2300000100,11456,50,0,0
2300000100,11457,51,0,0
2300000100,11458,52,0,0
2300000100,11459,53,0,0
2300000100,11460,54,0,0
2300000100,11461,55,0,0
2300000100,11462,56,0,0
2300000100,11463,57,0,0
2300000100,11464,58,0,0
2300000100,11465,59,0,0
2300000100,11466,60,0,0
2300000100,11467,61,0,0
2300000100,11468,62,0,0
2300000100,11469,63,0,0
2300000100,11470,64,0,0
2300000100,11471,65,0,0
2300000100,11472,66,0,0
2300000100,11473,67,0,0
2300000100,11474,68,0,0
2300000100,11475,69,0,0
2300000100,11476,70,0,0
2300000100,11477,71,0,0
2300000100,11478,72,0,0
2300000100,11479,73,0,0
2300000100,11480,74,0,0
2300000100,11722,75,0,0
2300000100,11481,76,0,0
2300000100,11482,77,0,0
2300000100,11483,78,0,0
2300000100,11484,79,0,0
2300000100,11485,80,0,0
2300000100,11486,81,0,0
2300000100,11487,82,0,0
2300000100,11488,83,0,0
2300000100,11489,84,0,0
2300000100,11490,85,0,0
2300000100,11491,86,0,0
2300000100,11492,87,0,0
2300000100,11493,88,0,0
2300000100,11494,89,0,0
2300000100,11538,90,0,0
2300000100,11536,91,0,0
2300000100,11534,92,0,0
2300000100,11532,93,0,0
2300000100,11530,94,0,0
2300000100,11528,95,0,0
2300000100,11526,96,0,0
2300000100,11524,97,0,0
2300000100,11522,98,0,0
2300000100,11520,99,0,0
2300000100,11518,100,0,0
2300000100,11516,101,0,0
2300000100,11514,102,0,0
2300000100,11512,103,0,0
2300000100,11510,104,0,0
2300000100,11508,105,0,0
2300000100,11506,106,0,0
2300000100,11504,107,0,0
2300000100,11502,108,0,0
2300000100,11500,109,0,0
2300000100,11498,110,0,0
2300000100,11496,111,0,0
2300000100,11540,112,0,0
2300000100,11541,113,0,0
2300000100,11542,114,0,0
2300000100,11543,115,0,0
2300000100,11544,116,0,0
2300000100,11545,117,0,0
2300000100,11546,118,0,0
2300000100,11547,119,0,0
2300000100,11548,120,0,0
2300000100,11549,121,0,0
2300000100,11550,122,0,0
2300000100,11551,123,0,0
2300000100,11552,124,0,0
2300000100,11553,125,0,0
2300000100,11554,126,0,0
2300000100,11555,127,0,0
2300000100,11556,128,0,0
2300000100,11557,129,0,0
2300000100,11558,130,0,0
2300000100,11559,131,0,0
2300000100,11560,132,0,0
2300000100,11561,133,0,0
2300000100,11562,134,0,0
2300000100,11563,135,0,0
2300000100,11564,136,0,0
2300000100,11565,137,0,0
2300000100,11566,138,0,0
2300000100,11567,139,0,0
2300000100,11568,140,0,0
2300000100,11746,141,0,0
2300000100,11569,142,0,0
2300000100,11570,143,0,0
2300000100,11571,144,0,0
2300000100,11572,145,0,0
2300000100,11573,146,0,0
2300000100,11574,147,0,0
2300000100,11575,148,0,0
2300000100,11576,149,0,0
2300000100,11577,150,0,0
2300000100,11578,151,0,0
2300000100,11579,152,0,0
2300000100,11580,153,0,0
2300000100,11581,154,0,0
2300000100,11582,155,0,0
2300000100,11583,156,0,0
2300000100,11584,157,0,0
2300000100,11585,158,0,0
2300000100,11586,159,0,0
2300000100,11587,160,0,0
2300000100,11588,161,0,0
2300000100,11589,162,0,0
2300000100,11590,163,0,0
2300000100,11591,164,0,0
2300000100,11592,165,0,0
2300000100,11593,166,0,0
2300000100,11595,167,0,0
2300000100,11598,168,0,0
2300000100,11599,169,0,0
2300000100,11600,170,0,0
2300000100,11601,171,0,0
2300000100,11602,172,0,0
2300000100,11603,173,0,0
2300000100,11604,174,0,0
2300000100,11605,175,0,0
2300000100,11606,176,0,0
2300000100,11607,177,0,0
2300000100,11608,178,0,0
2300000100,11609,179,0,0
2300000100,11610,180,0,0
2300000100,11611,181,0,0
2300000100,11612,182,0,0
2300000100,11613,183,0,0
2300000100,11614,184,0,0
2300000100,11615,185,0,0
2300000100,11616,186,0,0
2300000100,11617,187,0,0
2300000100,11747,188,0,0
2300000100,11618,189,0,0
2300000100,11619,190,0,0
2300000100,11620,191,0,0
2300000100,11621,192,0,0
2300000100,11622,193,0,0
2300000100,11623,194,0,0
2300000100,11624,195,0,0
2300000100,11625,196,0,0
2300000100,11626,197,0,0
2300000100,11627,198,0,0
2300000100,11628,199,0,0
2300000100,11629,200,0,0
2300000100,11630,201,0,0
2300000100,11631,202,0,0
2300000100,11632,203,0,0
2300000100,11633,204,0,0
2300000100,11634,205,0,0
2300000100,11635,206,0,0
2300000100,11636,207,0,0
2300000100,11637,208,0,0
2300000100,11638,209,0,0
2300000100,11639,210,0,0
2300000100,11640,211,0,0
2300000100,11641,212,0,0
2300000100,11642,213,0,0
2300000100,11643,214,0,0
2300000100,11644,215,0,0
2300000100,11645,216,0,0
2300000100,11646,217,0,0
2300000100,11495,218,0,0
2300000100,11497,219,0,0
2300000100,11499,220,0,0
2300000100,11501,221,0,0
2300000100,11503,222,0,0
2300000100,11505,223,0,0
2300000100,11507,224,0,0
2300000100,11509,225,0,0
2300000100,11511,226,0,0
2300000100,11513,227,0,0
2300000100,11515,228,0,0
2300000100,11517,229,0,0
2300000100,11519,230,0,0
2300000100,11521,231,0,0
2300000100,11523,232,0,0
2300000100,11525,233,0,0
2300000100,11527,234,0,0
2300000100,11529,235,0,0
2300000100,11531,236,0,0
2300000100,11533,237,0,0
2300000100,11535,238,0,0
2300000100,11537,239,0,0
2300000100,11539,240,0,0
2300000100,11647,241,0,0
2300000100,11648,242,0,0
2300000100,11649,243,0,0
2300000100,11650,244,0,0
2300000100,11651,245,0,0
2300000100,11652,246,0,0
2300000100,11653,247,0,0
2300000100,11654,248,0,0
2300000100,11655,249,0,0
2300000100,11656,250,0,0
2300000100,11657,251,0,0
2300000100,11658,252,0,0
2300000100,11659,253,0,0
2300000100,11660,254,0,0
2300000100,11661,255,0,0
2300000100,11721,256,0,0
2300000100,11662,257,0,0
2300000100,11663,258,0,0
2300000100,11664,259,0,0
2300000100,11665,260,0,0
2300000100,11666,261,0,0
2300000100,11667,262,0,0
2300000100,11668,263,0,0
2300000100,11669,264,0,0
2300000100,11670,265,0,0
2300000100,11671,266,0,0
2300000100,11672,267,0,0
2300000100,11673,268,0,0
2300000100,11674,269,0,0
2300000100,11675,270,0,0
2300000100,11676,271,0,0
2300000100,11677,272,0,0
2300000100,11678,273,0,0
2300000100,11679,274,0,0
2300000100,11680,275,0,0
2300000100,11681,276,0,0
2300000100,11682,277,0,0
2300000100,11683,278,0,0
2300000100,11684,279,0,0
2300000100,11685,280,0,0
2300000100,11686,281,0,0
2300000100,11724,282,0,0
2300000100,11726,283,0,0
2300000100,11687,284,0,0
2300000100,11742,285,0,0
2300000100,11733,286,0,0
2300000100,11734,287,0,0
2300000100,11735,288,0,0
2300000100,11738,289,0,0
2300000100,11743,290,0,0
2300000100,11745,291,0,0
2300000100,11741,292,0,0
2300000100,11688,293,0,0
2300000100,11689,294,0,0
2300000100,11690,295,0,0
2300000100,11691,296,0,0
2300000100,11692,297,0,0
2300000100,11693,298,0,0
2300000100,11694,299,0,0
2300000100,11695,300,0,0
2300000100,11696,301,0,0
2300000100,11697,302,0,0
2300000100,11698,303,0,0
2300000100,11699,304,0,0
2300000100,11700,305,0,0
2300000100,11701,306,0,0
2300000100,11702,307,0,0
2300000100,11703,308,0,0
2300000100,11704,309,0,0
2300000100,11705,310,0,0
2300000100,11706,311,0,0
2300000100,11707,312,0,0
2300000100,11708,313,0,0
2300000100,11709,314,0,0
2300000100,11710,315,0,0
2300000100,11711,316,0,0
2300000100,11712,317,0,0
2300000100,11713,318,0,0
2300000100,11714,319,0,0
2300000100,11715,320,0,0
2300000100,11716,321,0,0
2300000100,11717,322,0,0
2300000100,11718,323,0,0
2300000100,11719,324,0,0
2300000100,11720,325,1,1
