'16',700000100,52000,70000,14328
'16',700000100,55000,93000,14328
'16',700000100,70000,120000,14328
'16',700000100,93000,143000,7164
'16',700000100,120000,170000,7164
'16',700000100,143000,193000,7164
'16',700000100,170000,220000,7164
'16',700000100,193000,223000,7164
'18',700000100,75000,93000,14328
'18',700000100,81400,120000,14328
'18',700000100,93000,143000,7164
'18',700000100,120000,170000,7164
'18',700000100,143000,193000,7164
'18',700000100,170000,220000,7164
'18',700000100,193000,223000,7164
